[
    [0.0,
        104.2436163512212,
        75.38285169819306,
        134.28160058907451,
        156.2956200234355,
        150.41186526010316,
        535.7657989172183,
        549.4260635812341,
        1245.789475551459,
        1599.2798860504324,
        1260.7501505088806,
        1472.3807536299032,
        4650.118912749972,
        1866.204667326342,
        1113.5798463257859,
        4134.15798854997,
        609.3031266203423,
        746.1030833292231
    ],
    [104.2436163512212,
        0.0,
        13.596955016063747,
        165.93301409829942,
        183.7182314715154,
        57.80040003577778,
        767.5162499362247,
        798.6018370933181,
        1367.7742421676226,
        1901.1465338174978,
        1524.8055701410835,
        1755.2715919695881,
        4876.247838649072,
        2007.4734108224777,
        1465.5618144377038,
        2766.279795381927,
        846.2502139511881,
        839.7324141818937
    ],
    [75.38285169819306,
        13.596955016063747,
        0.0,
        81.26900871161213,
        466.84271240297505,
        112.30321542407209,
        747.4814619469854,
        784.8987087009202,
        1340.188498762859,
        1891.7658710443723,
        1506.4294787809097,
        1738.53049799115,
        4851.4763121239575,
        1979.119734453728,
        1510.756632428763,
        2725.8361573208676,
        826.2472795128714,
        860.8669583043674
    ],
    [134.28160058907451,
        165.93301409829942,
        81.26900871161213,
        0.0,
        13.227296964520573,
        24.691973539670926,
        737.5817952045733,
        909.984818511772,
        1287.0289245924428,
        1929.8191052548184,
        1472.575472463616,
        1736.1591348365132,
        4775.020599614777,
        1888.9032877372576,
        1353.5835285212845,
        2525.613322312992,
        813.0620628201815,
        1058.9418096053962
    ],
    [156.2956200234355,
        183.7182314715154,
        466.84271240297505,
        13.227296964520573,
        0.0,
        36.33454895303601,
        720.2701366963464,
        809.4205029349935,
        1258.6275613569062,
        1916.4385510258332,
        1446.1969794783995,
        1714.9718162636407,
        4735.266585822234,
        1850.1097994233323,
        1334.8692758230143,
        2460.743204923792,
        794.7422543048916,
        1159.8085376730935
    ],
    [150.41186526010316,
        57.80040003577778,
        112.30321542407209,
        24.691973539670926,
        36.33454895303601,
        0.0,
        819.4087921284697,
        879.9414526617419,
        1376.5572100863312,
        2001.4979282934842,
        1561.5513153813802,
        1821.4151169385011,
        4864.0274187044115,
        1976.158037062814,
        1434.8476442323988,
        2573.358089741112,
        895.6703491798565,
        983.6746878025286
    ],
    [535.7657989172183,
        767.5162499362247,
        747.4814619469854,
        737.5817952045733,
        720.2701366963464,
        819.4087921284697,
        0.0,
        54.96678165191154,
        548.366472102734,
        709.7291180866996,
        296.1326584928291,
        382.1191947931903,
        3745.8470754414407,
        1099.2828306802824,
        239.17995815628595,
        3822.3983984332644,
        21.243093097694086,
        2223.4792291772806
    ],
    [549.4260635812341,
        798.6018370933181,
        784.8987087009202,
        909.984818511772,
        809.4205029349935,
        879.9414526617419,
        54.96678165191154,
        0.0,
        392.5664810474709,
        452.9642742631727,
        403.15023463945994,
        366.7590456209478,
        15434.837921648568,
        1417.7944219165581,
        247.65245348312104,
        5714.968791518673,
        109.31656300903717,
        1116.4553693176656
    ],
    [1245.789475551459,
        1367.7742421676226,
        1340.188498762859,
        1287.0289245924428,
        1258.6275613569062,
        1376.5572100863312,
        548.366472102734,
        392.5664810474709,
        0.0,
        838.8674107535023,
        31.270746558907906,
        261.67713878666694,
        2453.619295086476,
        647.8598167277078,
        299.44230335989687,
        4018.0010041774,
        415.80922085867434,
        3403.3856999477907
    ],
    [1599.2798860504324,
        1901.1465338174978,
        1891.7658710443723,
        1929.8191052548184,
        1916.4385510258332,
        2001.4979282934842,
        709.7291180866996,
        452.9642742631727,
        838.8674107535023,
        0.0,
        770.2118725962674,
        458.07120066548396,
        4181.702574143351,
        2383.8184242807215,
        302.7690447572859,
        5364.430834628119,
        778.2932712348456,
        2031.5346417498743
    ],
    [1260.7501505088806,
        1524.8055701410835,
        1506.4294787809097,
        1472.575472463616,
        1446.1969794783995,
        1561.5513153813802,
        296.1326584928291,
        403.15023463945994,
        31.270746558907906,
        770.2118725962674,
        0.0,
        154.27557875307718,
        2613.899058411033,
        521.0075433104956,
        186.98198463533166,
        7573.433591176168,
        210.52689582322603,
        2519.527499493043
    ],
    [1472.3807536299032,
        1755.2715919695881,
        1738.53049799115,
        1736.1591348365132,
        1714.9718162636407,
        1821.4151169385011,
        382.1191947931903,
        366.7590456209478,
        261.67713878666694,
        458.07120066548396,
        154.27557875307718,
        0.0,
        3225.7014382869706,
        1188.5608916134008,
        173.28613148304,
        5765.947539236245,
        349.03702885349173,
        1763.4410278140526
    ],
    [4650.118912749972,
        4876.247838649072,
        4851.4763121239575,
        4775.020599614777,
        4735.266585822234,
        4864.0274187044115,
        3745.8470754414407,
        15434.837921648568,
        2453.619295086476,
        4181.702574143351,
        2613.899058411033,
        3225.7014382869706,
        0.0,
        1215.54225202115,
        7568.674101412431,
        1747.4118635576665,
        3325.0152547550415,
        6277.457862163597
    ],
    [1866.204667326342,
        2007.4734108224777,
        1979.119734453728,
        1888.9032877372576,
        1850.1097994233323,
        1976.158037062814,
        1099.2828306802824,
        1417.7944219165581,
        647.8598167277078,
        2383.8184242807215,
        521.0075433104956,
        1188.5608916134008,
        1215.54225202115,
        0.0,
        1091.120955307669,
        3366.6353084282014,
        971.9066348047339,
        6129.880171336756
    ],
    [1113.5798463257859,
        1465.5618144377038,
        1510.756632428763,
        1353.5835285212845,
        1334.8692758230143,
        1434.8476442323988,
        239.17995815628595,
        247.65245348312104,
        299.44230335989687,
        302.7690447572859,
        186.98198463533166,
        173.28613148304,
        7568.674101412431,
        1091.120955307669,
        0.0,
        4196.755893530032,
        190.3646555974949,
        2500.423105742789
    ],
    [4134.15798854997,
        2766.279795381927,
        2725.8361573208676,
        2525.613322312992,
        2460.743204923792,
        2573.358089741112,
        3822.3983984332644,
        5714.968791518673,
        4018.0010041774,
        5364.430834628119,
        7573.433591176168,
        5765.947539236245,
        1747.4118635576665,
        3366.6353084282014,
        4196.755893530032,
        0.0,
        2904.7501087182536,
        9719.911410861207
    ],
    [609.3031266203423,
        846.2502139511881,
        826.2472795128714,
        813.0620628201815,
        794.7422543048916,
        895.6703491798565,
        21.243093097694086,
        109.31656300903717,
        415.80922085867434,
        778.2932712348456,
        210.52689582322603,
        349.03702885349173,
        3325.0152547550415,
        971.9066348047339,
        190.3646555974949,
        2904.7501087182536,
        0.0,
        4873.701935111886
    ],
    [746.1030833292231,
        839.7324141818937,
        860.8669583043674,
        1058.9418096053962,
        1159.8085376730935,
        983.6746878025286,
        2223.4792291772806,
        1116.4553693176656,
        3403.3856999477907,
        2031.5346417498743,
        2519.527499493043,
        1763.4410278140526,
        6277.457862163597,
        6129.880171336756,
        2500.423105742789,
        9719.911410861207,
        4873.701935111886,
        0.0
    ]
]